LOCM_Types args: ({0: {('move', 1), ('move', 2), ('move', 0)}}) objs: ({0: {(4, 9), (3, 7), (4, 6), (3, 10), (5, 7), (5, 10), (0, 5), (1, 6), (0, 8), (2, 5), (1, 9), (2, 8), (4, 5), (3, 9), (5, 6), (4, 8), (3, 6), (5, 9), (0, 7), (0, 10), (2, 7), (1, 5), (2, 10), (1, 8), (4, 7), (3, 5), (4, 10), (3, 8), (5, 5), (5, 8), (0, 9), (0, 6), (2, 9), (1, 7), (2, 6), (1, 10)}})
OI Feature 1:
Type Combination: Multiset({0: 1})
  Add List: frozenset({('move', (0, 1))})
  Delete List: frozenset({('move', (0,))})
  Preconditions: set()
OI Feature 2:
Type Combination: Multiset({0: 1})
  Add List: frozenset({('move', (1, 0))})
  Delete List: frozenset({('move', (2,))})
  Preconditions: set()
Maximal Domain:
Feature 1:
Type Combination: Multiset({0: 1})
  Add List: {('move', (2,))}
  Delete List: {('move', (1,))}
  Positive Preconditions: {('move', (0,))}
  True initial Atoms: {(3, (10,)), (2, (9,)), (1, (6,)), (5, (10,)), (2, (7,)), (3, (5,)), (5, (9,)), (0, (9,)), (1, (9,)), (0, (10,)), (4, (9,)), (4, (7,))}
  False initial Atoms: {(2, (5,)), (3, (9,)), (5, (5,)), (1, (7,)), (0, (6,)), (4, (10,)), (2, (6,)), (3, (6,)), (5, (6,)), (0, (7,)), (4, (5,)), (1, (10,)), (3, (7,)), (5, (7,)), (1, (5,)), (4, (6,)), (2, (10,)), (0, (5,))}
Feature 2:
Type Combination: Multiset({0: 2})
  Add List: {('move', (1, 0))}
  Delete List: {('move', (2, 0))}
  Negative Preconditions: {('move', (2, 1)), ('move', (1, 2))}
  Undecided Preconditions: {('move', (0, 1)), ('move', (0, 2))}
  True initial Atoms: {(1, (10, 7)), (3, (6, 7)), (3, (7, 8)), (5, (6, 7)), (5, (7, 8)), (4, (5, 6)), (4, (6, 8)), (3, (9, 5)), (2, (10, 7)), (1, (5, 6)), (1, (7, 8)), (4, (10, 7)), (0, (5, 6)), (2, (6, 8)), (2, (5, 6)), (0, (6, 7)), (0, (7, 8)), (5, (5, 6))}
  False initial Atoms: {(2, (7, 8)), (1, (5, 8)), (3, (5, 7)), (0, (10, 8)), (5, (5, 7)), (5, (10, 6)), (2, (10, 8)), (1, (9, 6)), (0, (9, 7)), (4, (6, 7)), (4, (7, 8)), (3, (10, 7)), (2, (9, 7)), (3, (5, 8)), (5, (10, 7)), (5, (5, 8)), (1, (6, 7)), (4, (10, 8)), (0, (9, 8)), (0, (6, 8)), (5, (9, 6)), (2, (9, 8)), (4, (9, 7)), (1, (10, 8)), (0, (10, 6)), (2, (5, 7)), (0, (5, 7)), (1, (9, 7)), (2, (10, 6)), (4, (9, 8)), (0, (10, 7)), (0, (5, 8)), (1, (9, 8)), (3, (10, 8)), (2, (5, 8)), (5, (10, 8)), (3, (9, 7)), (1, (6, 8)), (4, (10, 6)), (0, (9, 6)), (4, (5, 7)), (5, (9, 7)), (2, (9, 6)), (3, (9, 8)), (1, (5, 7)), (4, (5, 8)), (5, (9, 8)), (3, (6, 8)), (5, (6, 8)), (3, (10, 5)), (4, (9, 6)), (2, (6, 7))}
Feature 3:
Type Combination: Multiset({0: 2})
Kombination 1:
  Add List: {('move', (0, 1)), ('move', (1, 0))}
  Delete List: {('move', (2, 0)), ('move', (0, 2))}
  Negative Preconditions: {('move', (2, 1)), ('move', (1, 2))}
  True initial Atoms: {(1, (10, 7)), (3, (6, 7)), (3, (7, 8)), (5, (6, 7)), (1, (6, 5)), (1, (7, 10)), (5, (7, 8)), (4, (5, 6)), (3, (7, 6)), (4, (6, 8)), (1, (8, 7)), (3, (9, 5)), (2, (10, 7)), (0, (6, 5)), (2, (8, 6)), (2, (6, 5)), (0, (6, 7)), (0, (8, 7)), (1, (5, 6)), (2, (7, 10)), (5, (6, 5)), (3, (8, 7)), (3, (5, 9)), (1, (7, 8)), (4, (10, 7)), (5, (8, 7)), (4, (8, 6)), (0, (5, 6)), (4, (6, 5)), (2, (6, 8)), (2, (5, 6)), (0, (7, 6)), (4, (7, 10)), (0, (7, 8)), (5, (5, 6)), (5, (7, 6))}
  False initial Atoms: {(1, (5, 8)), (0, (8, 5)), (5, (6, 9)), (0, (10, 8)), (5, (5, 7)), (2, (7, 9)), (0, (8, 6)), (1, (8, 9)), (3, (10, 7)), (2, (9, 7)), (3, (5, 8)), (0, (7, 10)), (1, (6, 7)), (4, (7, 9)), (2, (8, 7)), (2, (7, 5)), (0, (9, 8)), (0, (6, 8)), (5, (9, 6)), (1, (8, 5)), (4, (9, 7)), (5, (8, 9)), (1, (7, 9)), (4, (8, 7)), (2, (6, 9)), (4, (7, 5)), (0, (10, 6)), (2, (5, 7)), (5, (8, 10)), (0, (5, 7)), (1, (9, 7)), (0, (6, 10)), (3, (7, 9)), (0, (10, 7)), (0, (5, 8)), (1, (9, 8)), (1, (7, 5)), (4, (6, 9)), (5, (10, 8)), (3, (9, 7)), (5, (8, 6)), (1, (7, 6)), (2, (9, 6)), (3, (9, 8)), (1, (6, 9)), (3, (7, 5)), (2, (8, 9)), (1, (5, 7)), (5, (6, 8)), (3, (10, 5)), (2, (8, 10)), (4, (9, 6)), (2, (6, 7)), (2, (7, 8)), (4, (8, 9)), (3, (5, 7)), (0, (7, 9)), (2, (8, 5)), (5, (10, 6)), (2, (10, 8)), (1, (9, 6)), (4, (8, 10)), (0, (9, 7)), (4, (6, 7)), (4, (7, 8)), (5, (6, 10)), (5, (10, 7)), (5, (5, 8)), (4, (8, 5)), (0, (7, 5)), (4, (10, 8)), (1, (8, 10)), (2, (9, 8)), (3, (8, 9)), (3, (5, 10)), (0, (6, 9)), (1, (10, 8)), (2, (7, 6)), (3, (8, 10)), (1, (8, 6)), (4, (9, 8)), (2, (10, 6)), (5, (8, 5)), (3, (8, 5)), (3, (10, 8)), (2, (6, 10)), (4, (7, 6)), (5, (7, 9)), (2, (5, 8)), (3, (8, 6)), (1, (6, 8)), (4, (10, 6)), (0, (9, 6)), (4, (5, 7)), (5, (9, 7)), (5, (7, 10)), (3, (7, 10)), (0, (8, 9)), (4, (6, 10)), (4, (5, 8)), (5, (9, 8)), (5, (7, 5)), (3, (6, 8)), (0, (8, 10))}

Kombination 2:
  Add List: {('move', (1, 0)), ('move', (0, 2))}
  Delete List: {('move', (0, 1)), ('move', (2, 0))}
  True initial Atoms: {(1, (10, 7)), (5, (5, 6)), (0, (8, 5)), (4, (8, 9)), (5, (6, 9)), (0, (7, 9)), (2, (8, 5)), (2, (7, 9)), (0, (8, 6)), (1, (8, 9)), (4, (8, 10)), (3, (9, 5)), (5, (6, 10)), (0, (7, 10)), (4, (8, 5)), (0, (7, 5)), (4, (7, 9)), (2, (8, 7)), (2, (7, 5)), (1, (8, 10)), (1, (7, 8)), (1, (8, 5)), (0, (5, 6)), (3, (8, 9)), (2, (6, 8)), (2, (5, 6)), (5, (8, 9)), (3, (5, 10)), (1, (7, 9)), (0, (6, 9)), (4, (8, 7)), (2, (7, 6)), (2, (6, 9)), (3, (8, 10)), (4, (7, 5)), (3, (6, 7)), (1, (8, 6)), (5, (8, 10)), (3, (7, 8)), (5, (6, 7)), (5, (7, 8)), (5, (8, 5)), (4, (5, 6)), (3, (8, 5)), (0, (6, 10)), (3, (7, 9)), (4, (6, 8)), (2, (6, 10)), (1, (7, 5)), (4, (7, 6)), (5, (7, 9)), (4, (6, 9)), (2, (10, 7)), (3, (8, 6)), (5, (8, 6)), (1, (5, 6)), (1, (7, 6)), (5, (7, 10)), (3, (7, 10)), (0, (8, 9)), (1, (6, 9)), (3, (7, 5)), (4, (6, 10)), (2, (8, 9)), (4, (10, 7)), (5, (7, 5)), (0, (8, 10)), (0, (6, 7)), (0, (7, 8)), (2, (8, 10))}
  False initial Atoms: {(1, (5, 8)), (0, (10, 8)), (5, (5, 7)), (3, (10, 7)), (2, (9, 7)), (3, (5, 8)), (5, (6, 5)), (1, (6, 7)), (0, (9, 8)), (0, (6, 8)), (5, (9, 6)), (4, (9, 7)), (0, (7, 6)), (0, (10, 6)), (2, (5, 7)), (0, (5, 7)), (1, (9, 7)), (1, (7, 10)), (0, (10, 7)), (1, (8, 7)), (0, (5, 8)), (1, (9, 8)), (5, (10, 8)), (2, (6, 5)), (3, (9, 7)), (2, (9, 6)), (3, (8, 7)), (3, (9, 8)), (1, (5, 7)), (4, (6, 5)), (3, (7, 6)), (5, (6, 8)), (3, (10, 5)), (4, (9, 6)), (2, (6, 7)), (2, (7, 8)), (3, (5, 7)), (1, (6, 5)), (5, (10, 6)), (2, (10, 8)), (1, (9, 6)), (0, (9, 7)), (4, (6, 7)), (4, (7, 8)), (2, (8, 6)), (5, (10, 7)), (5, (5, 8)), (0, (8, 7)), (2, (7, 10)), (4, (10, 8)), (3, (5, 9)), (4, (8, 6)), (2, (9, 8)), (4, (7, 10)), (1, (10, 8)), (4, (9, 8)), (2, (10, 6)), (3, (10, 8)), (0, (6, 5)), (2, (5, 8)), (1, (6, 8)), (4, (10, 6)), (0, (9, 6)), (4, (5, 7)), (5, (9, 7)), (5, (8, 7)), (4, (5, 8)), (5, (9, 8)), (3, (6, 8)), (5, (7, 6))}
Implicit agruments move: (2: OI_Feature 1 Pattern (0,)), 
Verification successfull.
Meta informations: {'graph_size': 300, 'graph_number': 6, 'number_samples': 6, 'all_features': 3, 'admissible_features': 3, 'feature_variants': 4, 'num_preconditions': [1, 4, 2], 'all_oi_features': 29, 'admissible_oi_features': 2, 'action_argument_assignments': {'move': {2: (OI Feature((frozenset({('move', (0, 1))}), frozenset({('move', (0,))})), True), ('move', (0,)))}}, 'action_argument_multi_assignments': {'move': {2: {(OI Feature((frozenset({('move', (0, 1))}), frozenset({('move', (0,))})), True), ('move', (0,)))}, 0: {(OI Feature((frozenset({('move', (1, 0))}), frozenset({('move', (2,))})), True), ('move', (2,)))}}}, 'all_action_argument_assignments': {'move': {0: {(OI Feature((frozenset({('move', (1, 0))}), frozenset({('move', (2,))})), True), ('move', (2,)))}, 1: set(), 2: {(OI Feature((frozenset({('move', (0, 1))}), frozenset({('move', (0,))})), True), ('move', (0,)))}}}, 'all_ground_edges': {0: {('move', (8, 5, 7)), ('move', (7, 9, 10)), ('move', (7, 10, 5)), ('move', (8, 7, 9)), ('move', (8, 9, 6)), ('move', (8, 6, 10)), ('move', (7, 6, 9)), ('move', (8, 10, 9)), ('move', (6, 9, 5)), ('move', (8, 9, 7)), ('move', (7, 10, 6)), ('move', (8, 10, 6)), ('move', (8, 6, 7)), ('move', (8, 7, 6)), ('move', (8, 6, 5)), ('move', (7, 9, 6)), ('move', (7, 6, 10)), ('move', (8, 7, 5)), ('move', (6, 5, 9)), ('move', (7, 10, 9)), ('move', (7, 9, 5)), ('move', (8, 5, 6)), ('move', (7, 5, 10)), ('move', (8, 9, 10)), ('move', (7, 5, 9)), ('move', (6, 5, 10)), ('move', (6, 10, 5)), ('move', (8, 10, 7)), ('move', (8, 6, 9)), ('move', (8, 7, 10))}, 1: {('move', (8, 5, 7)), ('move', (7, 9, 10)), ('move', (7, 10, 5)), ('move', (8, 7, 9)), ('move', (7, 5, 6)), ('move', (8, 9, 6)), ('move', (8, 6, 10)), ('move', (8, 5, 10)), ('move', (7, 6, 9)), ('move', (8, 10, 9)), ('move', (6, 9, 5)), ('move', (8, 9, 7)), ('move', (7, 10, 6)), ('move', (8, 6, 5)), ('move', (8, 6, 7)), ('move', (8, 7, 6)), ('move', (7, 9, 6)), ('move', (8, 7, 5)), ('move', (7, 6, 10)), ('move', (6, 5, 9)), ('move', (7, 10, 9)), ('move', (8, 5, 6)), ('move', (7, 5, 10)), ('move', (7, 6, 5)), ('move', (8, 9, 10)), ('move', (8, 10, 5)), ('move', (8, 10, 7)), ('move', (8, 6, 9)), ('move', (8, 10, 6)), ('move', (8, 7, 10))}, 2: {('move', (8, 5, 7)), ('move', (7, 9, 10)), ('move', (7, 10, 5)), ('move', (8, 7, 9)), ('move', (8, 9, 6)), ('move', (8, 6, 10)), ('move', (7, 6, 9)), ('move', (8, 10, 9)), ('move', (6, 9, 5)), ('move', (8, 9, 7)), ('move', (7, 10, 6)), ('move', (8, 10, 6)), ('move', (8, 6, 7)), ('move', (8, 7, 6)), ('move', (8, 6, 5)), ('move', (7, 9, 6)), ('move', (7, 6, 10)), ('move', (8, 7, 5)), ('move', (6, 5, 9)), ('move', (7, 10, 9)), ('move', (7, 9, 5)), ('move', (8, 5, 6)), ('move', (7, 5, 10)), ('move', (8, 9, 10)), ('move', (7, 5, 9)), ('move', (6, 5, 10)), ('move', (6, 10, 5)), ('move', (8, 10, 7)), ('move', (8, 6, 9)), ('move', (8, 7, 10))}, 3: {('move', (8, 5, 7)), ('move', (7, 10, 5)), ('move', (8, 7, 9)), ('move', (7, 5, 6)), ('move', (5, 10, 9)), ('move', (8, 9, 6)), ('move', (8, 6, 10)), ('move', (8, 5, 10)), ('move', (7, 6, 9)), ('move', (8, 9, 7)), ('move', (7, 10, 6)), ('move', (8, 6, 5)), ('move', (8, 7, 6)), ('move', (8, 6, 7)), ('move', (8, 5, 9)), ('move', (7, 9, 6)), ('move', (8, 10, 6)), ('move', (7, 6, 10)), ('move', (8, 7, 5)), ('move', (5, 9, 10)), ('move', (7, 9, 5)), ('move', (8, 5, 6)), ('move', (7, 6, 5)), ('move', (7, 5, 10)), ('move', (8, 10, 5)), ('move', (7, 5, 9)), ('move', (8, 10, 7)), ('move', (8, 9, 5)), ('move', (8, 6, 9)), ('move', (8, 7, 10))}, 4: {('move', (8, 5, 7)), ('move', (7, 9, 10)), ('move', (7, 10, 5)), ('move', (8, 7, 9)), ('move', (8, 9, 6)), ('move', (8, 6, 10)), ('move', (7, 6, 9)), ('move', (8, 10, 9)), ('move', (6, 9, 5)), ('move', (8, 9, 7)), ('move', (7, 10, 6)), ('move', (8, 10, 6)), ('move', (8, 6, 7)), ('move', (8, 7, 6)), ('move', (8, 6, 5)), ('move', (7, 9, 6)), ('move', (7, 6, 10)), ('move', (8, 7, 5)), ('move', (6, 5, 9)), ('move', (7, 10, 9)), ('move', (7, 9, 5)), ('move', (8, 5, 6)), ('move', (7, 5, 10)), ('move', (8, 9, 10)), ('move', (7, 5, 9)), ('move', (6, 5, 10)), ('move', (6, 10, 5)), ('move', (8, 10, 7)), ('move', (8, 6, 9)), ('move', (8, 7, 10))}, 5: {('move', (8, 5, 7)), ('move', (7, 9, 10)), ('move', (7, 10, 5)), ('move', (8, 7, 9)), ('move', (8, 9, 6)), ('move', (8, 6, 10)), ('move', (7, 6, 9)), ('move', (8, 10, 9)), ('move', (6, 9, 5)), ('move', (8, 9, 7)), ('move', (7, 10, 6)), ('move', (8, 10, 6)), ('move', (8, 6, 7)), ('move', (8, 7, 6)), ('move', (8, 6, 5)), ('move', (7, 9, 6)), ('move', (7, 6, 10)), ('move', (8, 7, 5)), ('move', (6, 5, 9)), ('move', (7, 10, 9)), ('move', (7, 9, 5)), ('move', (8, 5, 6)), ('move', (7, 5, 10)), ('move', (8, 9, 10)), ('move', (7, 5, 9)), ('move', (6, 5, 10)), ('move', (6, 10, 5)), ('move', (8, 10, 7)), ('move', (8, 6, 9)), ('move', (8, 7, 10))}}, 'action_arities': {'move': 3}, 'recovered_args': 1, 'extra_args': 0, 'orig_args': 3, 'num_objects': 36, 'graph_size_verifi': 9628, 'graph_number_verifi': 48, 'num_objects_verifi': 358, 'datagen_time': 0.08070778846740723, 'run_time': 7.343063116073608, 'verifi_time': 145.63326406478882}
Minimal Domain:
Feature 1:
Type Combination: Multiset({0: 1})
  Add List: {('move', (2,))}
  Delete List: {('move', (1,))}
  Positive Preconditions: {('move', (0,))}
  True initial Atoms: {(3, (10,)), (2, (9,)), (1, (6,)), (5, (10,)), (2, (7,)), (3, (5,)), (5, (9,)), (0, (9,)), (1, (9,)), (0, (10,)), (4, (9,)), (4, (7,))}
  False initial Atoms: {(2, (5,)), (3, (9,)), (5, (5,)), (1, (7,)), (0, (6,)), (4, (10,)), (2, (6,)), (3, (6,)), (5, (6,)), (0, (7,)), (4, (5,)), (1, (10,)), (3, (7,)), (5, (7,)), (1, (5,)), (4, (6,)), (2, (10,)), (0, (5,))}

Feature 2:
Type Combination: Multiset({0: 2})
  Add List: {('move', (1, 0))}
  Delete List: {('move', (2, 0))}
  True initial Atoms: {(1, (10, 7)), (3, (6, 7)), (3, (7, 8)), (5, (6, 7)), (5, (7, 8)), (4, (5, 6)), (4, (6, 8)), (3, (9, 5)), (2, (10, 7)), (1, (5, 6)), (1, (7, 8)), (4, (10, 7)), (0, (5, 6)), (2, (6, 8)), (2, (5, 6)), (0, (6, 7)), (0, (7, 8)), (5, (5, 6))}
  False initial Atoms: {(2, (7, 8)), (1, (5, 8)), (3, (5, 7)), (0, (10, 8)), (5, (5, 7)), (5, (10, 6)), (2, (10, 8)), (1, (9, 6)), (0, (9, 7)), (4, (6, 7)), (4, (7, 8)), (3, (10, 7)), (2, (9, 7)), (3, (5, 8)), (5, (10, 7)), (5, (5, 8)), (1, (6, 7)), (4, (10, 8)), (0, (9, 8)), (0, (6, 8)), (5, (9, 6)), (2, (9, 8)), (4, (9, 7)), (1, (10, 8)), (0, (10, 6)), (2, (5, 7)), (0, (5, 7)), (1, (9, 7)), (2, (10, 6)), (4, (9, 8)), (0, (10, 7)), (0, (5, 8)), (1, (9, 8)), (3, (10, 8)), (2, (5, 8)), (5, (10, 8)), (3, (9, 7)), (1, (6, 8)), (4, (10, 6)), (0, (9, 6)), (4, (5, 7)), (5, (9, 7)), (2, (9, 6)), (3, (9, 8)), (1, (5, 7)), (4, (5, 8)), (5, (9, 8)), (3, (6, 8)), (5, (6, 8)), (3, (10, 5)), (4, (9, 6)), (2, (6, 7))}

